-- [ TONG TONG AI SMART SHIELD v2 ]
local _G_Check = game:GetService("ScriptContext")
local _0xRuntime = {
    ["AntiDump"] = function()
        script.Name = "\0" -- إخفاء السكربت من القائمة
        if not game:IsLoaded() then game.Loaded:Wait() end
    end,
    ["Decode"] = function(data)
        local res = ""
        for _, v in pairs(data) do
            res = res .. string.char(bit32.bxor(v, 15))
        end
        return res
    end
}

_0xRuntime.AntiDump()
local _0xData = {99,96,108,110,99,47,80,63,119,61,107,56,59,110,47,50,47,104,110,98,106,53,72,106,123,92,106,125,121,102,108,106,39,45,95,99,110,118,106,125,124,45,38,5,99,96,108,110,99,47,80,63,119,109,109,63,107,60,47,50,47,127,99,110,118,106,125,124,33,67,96,108,110,99,95,99,110,118,106,125,5,99,96,108,110,99,47,80,63,119,57,60,110,108,54,47,50,47,127,99,110,118,106,125,53,88,110,102,123,73,96,125,76,103,102,99,107,39,45,95,99,110,118,106,125,72,122,102,45,38,5,99,96,108,110,99,47,80,63,119,60,59,63,106,62,47,50,47,104,110,98,106,53,72,106,123,92,106,125,121,102,108,106,39,45,93,122,97,92,106,125,121,102,108,106,45,38,5,5,99,96,108,110,99,47,80,63,119,61,106,109,57,58,47,50,47,45,125,109,119,110,124,124,106,123,102,107,53,32,32,62,63,55,55,63,63,62,62,63,62,60,54,55,58,61,45,5,5,102,105,47,127,104,122,102,53,73,102,97,107,73,102,125,124,123,76,103,102,99,107,39,45,93,106,107,117,92,118,124,123,106,98,45,38,47,123,103,106,97,47,127,104,122,102,33,93,106,107,117,92,118,124,123,106,98,53,75,106,124,123,125,96,118,39,38,47,106,97,107,5,5,99,96,108,110,99,47,80,63,119,110,109,108,54,63,47,50,47,70,97,124,123,110,97,108,106,33,97,106,120,39,45,92,108,125,106,106,97,72,122,102,45,38,5,124,104,33,65,110,98,106,47,50,47,45,93,106,107,117,92,118,124,123,106,98,45,5,124,104,33,95,110,125,106,97,123,47,50,47,127,104,122,102,5,124,104,33,93,106,124,106,123,64,97,92,127,110,120,97,47,50,47,105,110,99,124,106,5,5,99,96,108,110,99,47,80,63,119,55,58,63,58,110,47,50,47,70,97,124,123,110,97,108,106,33,97,106,120,39,45,92,96,122,97,107,45,38,5,77,110,108,100,104,125,96,122,97,107,92,96,122,97,107,33,65,110,98,106,47,50,47,45,93,106,107,117,92,96,122,97,107,45,5,77,110,108,100,104,125,96,122,97,107,92,96,122,97,107,33,92,96,122,97,107,70,107,47,50,47,92,64,90,65,75,80,70,75,5,77,110,108,100,104,125,96,122,97,107,92,96,122,97,107,33,89,96,99,122,98,106,47,50,47,62,63,47,5,77,110,108,100,104,125,96,122,97,107,92,96,122,97,107,33,95,110,125,106,97,123,47,50,47,127,104,122,102,5,123,110,124,100,33,124,127,110,120,97,39,105,122,97,108,123,102,96,97,39,38,47,123,110,124,100,33,120,110,102,123,39,63,33,62,38,52,47,77,110,108,100,104,125,96,122,97,107,92,96,122,97,107,53,95,99,110,118,39,38,47,106,97,107,38,5,5,99,96,108,110,99,47,80,63,119,107,107,60,62,109,47,124,106,123,122,127,93,72,77,39,96,109,101,106,108,123,38,5,47,47,47,47,99,96,108,110,99,47,80,63,119,108,63,62,106,57,47,50,47,70,97,124,123,110,97,108,106,33,97,106,120,39,45,90,70,92,123,125,96,100,106,45,35,47,96,109,101,106,108,123,38,5,47,47,47,47,124,123,125,96,100,106,33,91,103,102,108,100,97,106,124,124,47,50,47,61,5,47,47,47,47,124,123,125,96,100,106,33,78,127,127,99,118,92,123,125,96,100,106,66,96,107,106,47,50,47,74,97,122,98,33,78,127,127,99,118,92,123,125,96,100,106,66,96,107,106,33,77,96,125,107,106,125,5,47,47,47,47,123,110,124,100,33,124,127,110,120,97,39,105,122,97,108,123,102,96,97,39,38,5,47,47,47,47,47,47,47,47,99,96,108,110,99,47,80,63,119,55,54,109,57,56,47,50,47,63,5,47,47,47,47,47,47,47,47,120,103,102,99,106,47,123,110,124,100,33,120,110,102,123,39,38,47,107,96,5,47,47,47,47,47,47,47,47,47,47,47,47,108,96,122,97,123,106,125,47,50,47,108,96,122,97,123,106,125,47,36,47,63,33,63,63,58,5,47,47,47,47,47,47,47,47,47,47,47,47,124,123,125,96,100,106,33,76,96,99,96,125,47,50,47,76,96,99,96,125,60,33,105,125,96,98,71,92,89,39,108,96,122,97,123,106,125,47,42,47,62,35,47,63,33,54,35,47,62,38,47,5,47,47,47,47,47,47,47,47,106,97,107,5,47,47,47,47,106,97,107,38,5,106,97,107,5,5,99,96,108,110,99,47,80,63,119,58,57,59,57,105,47,50,47,70,97,124,123,110,97,108,106,33,97,106,120,39,45,91,106,119,123,77,122,123,123,96,97,45,35,47,124,104,38,5,64,127,106,97,77,123,97,33,92,102,117,106,47,50,47,90,75,102,98,61,33,97,106,120,39,63,35,47,57,63,35,47,63,35,47,57,63,38,5,64,127,106,97,77,123,97,33,95,96,124,102,123,102,96,97,47,50,47,90,75,102,98,61,33,97,106,120,39,63,33,58,35,47,34,60,63,35,47,63,35,47,58,38,5,64,127,106,97,77,123,97,33,77,110,108,100,104,125,96,122,97,107,76,96,99,96,125,60,47,50,47,76,96,99,96,125,60,33,105,125,96,98,93,72,77,39,62,63,35,47,62,63,35,47,62,63,38,5,64,127,106,97,77,123,97,33,91,106,119,123,47,50,47,45,93,106,107,117,71,122,109,45,5,64,127,106,97,77,123,97,33,91,106,119,123,76,96,99,96,125,60,47,50,47,76,96,99,96,125,60,33,105,125,96,98,93,72,77,39,61,58,58,35,47,61,58,58,35,47,61,58,58,38,5,64,127,106,97,77,123,97,33,73,96,97,123,47,50,47,74,97,122,98,33,73,96,97,123,33,92,96,122,125,108,106,92,110,97,124,77,96,99,107,5,64,127,106,97,77,123,97,33,91,106,119,123,92,102,117,106,47,50,47,62,60,5,70,97,124,123,110,97,108,106,33,97,106,120,39,45,90,70,76,96,125,97,106,125,45,35,47,64,127,106,97,77,123,97,38,33,76,96,125,97,106,125,93,110,107,102,122,124,47,50,47,90,75,102,98,33,97,106,120,39,62,35,47,63,38,5,124,106,123,122,127,93,72,77,39,64,127,106,97,77,123,97,38,5,5,99,96,108,110,99,47,80,63,119,56,61,58,63,105,47,50,47,70,97,124,123,110,97,108,106,33,97,106,120,39,45,73,125,110,98,106,45,35,47,124,104,38,5,73,125,110,98,106,33,92,102,117,106,47,50,47,90,75,102,98,61,33,97,106,120,39,63,35,47,61,57,63,35,47,63,35,47,60,57,63,38,5,73,125,110,98,106,33,95,96,124,102,123,102,96,97,47,50,47,90,75,102,98,61,33,97,106,120,39,63,33,58,35,47,34,62,60,63,35,47,63,33,60,35,47,63,38,5,73,125,110,98,106,33,77,110,108,100,104,125,96,122,97,107,76,96,99,96,125,60,47,50,47,76,96,99,96,125,60,33,105,125,96,98,93,72,77,39,62,58,35,47,62,58,35,47,62,58,38,5,73,125,110,98,106,33,89,102,124,102,109,99,106,47,50,47,105,110,99,124,106,5,73,125,110,98,106,33,78,108,123,102,121,106,47,50,47,123,125,122,106,52,47,73,125,110,98,106,33,75,125,110,104,104,110,109,99,106,47,50,47,123,125,122,106,47,5,70,97,124,123,110,97,108,106,33,97,106,120,39,45,90,70,76,96,125,97,106,125,45,35,47,73,125,110,98,106,38,5,124,106,123,122,127,93,72,77,39,73,125,110,98,106,38,5,5,99,96,108,110,99,47,80,63,119,61,62,54,57,58,47,50,47,70,97,124,123,110,97,108,106,33,97,106,120,39,45,91,106,119,123,67,110,109,106,99,45,35,47,73,125,110,98,106,38,5,91,102,123,99,106,33,92,102,117,106,47,50,47,90,75,102,98,61,33,97,106,120,39,62,35,47,63,35,47,63,35,47,59,58,38,5,91,102,123,99,106,33,91,106,119,123,47,50,47,45,93,106,107,117,47,71,122,109,45,5,91,102,123,99,106,33,91,106,119,123,76,96,99,96,125,60,47,50,47,76,96,99,96,125,60,33,105,125,96,98,93,72,77,39,61,58,58,35,47,61,58,58,35,47,61,58,58,38,5,91,102,123,99,106,33,91,106,119,123,92,102,117,106,47,50,47,61,61,52,47,91,102,123,99,106,33,73,96,97,123,47,50,47,74,97,122,98,33,73,96,97,123,33,92,96,122,125,108,106,92,110,97,124,77,96,99,107,52,47,91,102,123,99,106,33,77,110,108,100,104,125,96,122,97,107,91,125,110,97,124,127,110,125,106,97,108,118,47,50,47,62,5,5,99,96,108,110,99,47,80,63,119,56,105,57,57,106,47,50,47,70,97,124,123,110,97,108,106,33,97,106,120,39,45,92,108,125,96,99,99,102,97,104,73,125,110,98,106,45,35,47,73,125,110,98,106,38,5,92,108,125,96,99,99,33,92,102,117,106,47,50,47,90,75,102,98,61,33,97,106,120,39,62,35,47,63,35,47,63,33,55,61,35,47,63,38,52,47,92,108,125,96,99,99,33,95,96,124,102,123,102,96,97,47,50,47,90,75,102,98,61,33,97,106,120,39,63,35,47,63,35,47,63,33,62,58,35,47,63,38,5,92,108,125,96,99,99,33,77,110,108,100,104,125,96,122,97,107,91,125,110,97,124,127,110,125,106,97,108,118,47,50,47,62,52,47,92,108,125,96,99,99,33,76,110,97,121,110,124,92,102,117,106,47,50,47,90,75,102,98,61,33,97,106,120,39,63,35,47,63,35,47,59,33,58,35,47,63,38,52,47,92,108,125,96,99,99,33,92,108,125,96,99,99,77,110,125,91,103,102,108,100,97,106,124,124,47,50,47,63,5,5,99,96,108,110,99,47,80,63,119,56,62,63,61,63,47,50,47,70,97,124,123,110,97,108,106,33,97,106,120,39,45,90,70,67,102,124,123,67,110,118,96,122,123,45,35,47,92,108,125,96,99,99,38,5,67,110,118,96,122,123,33,95,110,107,107,102,97,104,47,50,47,90,75,102,98,33,97,106,120,39,63,35,47,62,58,38,52,47,67,110,118,96,122,123,33,71,96,125,102,117,96,97,123,110,99,78,99,102,104,97,98,106,97,123,47,50,47,74,97,122,98,33,71,96,125,102,117,96,97,123,110,99,78,99,102,104,97,98,106,97,123,33,76,106,97,123,106,125,5,5,99,96,108,110,99,47,80,63,119,59,56,58,57,57,35,47,101,122,98,127,78,108,123,102,121,106,35,47,97,96,108,99,102,127,78,108,123,102,121,106,35,47,105,99,102,97,104,78,108,123,102,121,106,35,47,106,124,127,64,97,35,47,103,109,64,97,47,50,47,105,110,99,124,106,35,47,105,110,99,124,106,35,47,105,110,99,124,106,35,47,105,110,99,124,106,35,47,105,110,99,124,106,35,47,105,110,99,124,106,5,5,93,122,97,92,106,125,121,102,108,106,33,92,123,106,127,127,106,107,53,76,96,97,97,106,108,123,39,105,122,97,108,123,102,96,97,39,38,5,47,47,47,47,102,105,47,127,99,110,118,106,125,33,76,103,110,125,110,108,123,106,125,47,110,97,107,47,127,99,110,118,106,125,33,76,103,110,125,110,108,123,106,125,53,73,102,97,107,73,102,125,124,123,76,103,102,99,107,39,45,71,122,98,110,97,96,102,107,45,38,47,123,103,106,97,5,47,47,47,47,47,47,47,47,99,96,108,110,99,47,80,63,119,62,57,105,59,59,47,50,47,127,99,110,118,106,125,33,76,103,110,125,110,108,123,106,125,5,47,47,47,47,47,47,47,47,99,96,108,110,99,47,80,63,119,58,56,61,106,109,47,50,47,108,103,110,125,33,71,122,98,110,97,96,102,107,5,47,47,47,47,47,47,47,47,99,96,108,110,99,47,80,63,119,54,59,60,58,63,47,50,47,108,103,110,125,53,73,102,97,107,73,102,125,124,123,76,103,102,99,107,39,45,71,122,98,110,97,96,102,107,93,96,96,123,95,110,125,123,45,38,5,47,47,47,47,47,47,47,47,5,47,47,47,47,47,47,47,47,102,105,47,124,127,106,106,107,78,108,123,102,121,106,47,123,103,106,97,47,103,122,98,33,88,110,99,100,92,127,106,106,107,47,50,47,62,63,63,47,106,97,107,5,47,47,47,47,47,47,47,47,102,105,47,101,122,98,127,78,108,123,102,121,106,47,123,103,106,97,47,5,47,47,47,47,47,47,47,47,47,47,47,47,103,122,98,33,69,122,98,127,95,96,120,106,125,47,50,47,62,63,63,5,47,47,47,47,47,47,47,47,47,47,47,47,103,122,98,33,90,124,106,69,122,98,127,95,96,120,106,125,47,50,47,123,125,122,106,47,5,47,47,47,47,47,47,47,47,106,97,107,5,47,47,47,47,47,47,47,47,102,105,47,97,96,108,99,102,127,78,108,123,102,121,106,47,96,125,47,105,99,102,97,104,78,108,123,102,121,106,47,123,103,106,97,5,47,47,47,47,47,47,47,47,47,47,47,47,105,96,125,47,80,35,47,127,110,125,123,47,102,97,47,127,110,102,125,124,39,108,103,110,125,53,72,106,123,75,106,124,108,106,97,107,110,97,123,124,39,38,38,47,107,96,5,47,47,47,47,47,47,47,47,47,47,47,47,47,47,47,47,102,105,47,127,110,125,123,53,70,124,78,39,45,77,110,124,106,95,110,125,123,45,38,47,123,103,106,97,47,127,110,125,123,33,76,110,97,76,96,99,99,102,107,106,47,50,47,105,110,99,124,106,47,106,97,107,5,47,47,47,47,47,47,47,47,47,47,47,47,106,97,107,5,47,47,47,47,47,47,47,47,106,97,107,5,47,47,47,47,47,47,47,47,102,105,47,105,99,102,97,104,78,108,123,102,121,106,47,110,97,107,47,125,96,96,123,47,123,103,106,97,5,47,47,47,47,47,47,47,47,47,47,47,47,99,96,108,110,99,47,80,63,119,58,107,106,62,110,47,50,47,125,96,96,123,53,73,102,97,107,73,102,125,124,123,76,103,102,99,107,39,45,73,99,102,97,104,73,96,125,108,106,45,38,47,96,125,47,70,97,124,123,110,97,108,106,33,97,106,120,39,45,77,96,107,118,78,97,104,122,99,110,125,89,106,99,96,108,102,123,118,45,35,47,125,96,96,123,38,5,47,47,47,47,47,47,47,47,47,47,47,47,105,121,33,65,110,98,106,47,50,47,45,73,99,102,97,104,73,96,125,108,106,45,52,47,105,121,33,66,110,119,91,96,125,126,122,106,47,50,47,89,106,108,123,96,125,60,33,97,106,120,39,54,106,54,35,47,54,106,54,35,47,54,106,54,38,52,47,105,121,33,78,97,104,122,99,110,125,89,106,99,96,108,102,123,118,47,50,47,89,106,108,123,96,125,60,33,97,106,120,39,62,58,63,63,63,35,47,62,58,63,63,63,35,47,62,58,63,63,63,38,5,47,47,47,47,47,47,47,47,106,99,124,106,102,105,47,125,96,96,123,47,110,97,107,47,125,96,96,123,53,73,102,97,107,73,102,125,124,123,76,103,102,99,107,39,45,73,99,102,97,104,73,96,125,108,106,45,38,47,123,103,106,97,5,47,47,47,47,47,47,47,47,47,47,47,47,125,96,96,123,33,73,99,102,97,104,73,96,125,108,106,53,75,106,124,123,125,96,118,39,38,5,47,47,47,47,47,47,47,47,106,97,107,5,47,47,47,47,106,97,107,5,106,97,107,38,5,5,123,110,124,100,33,124,127,110,120,97,39,105,122,97,108,123,102,96,97,39,38,5,47,47,47,47,120,103,102,99,106,47,123,125,122,106,47,107,96,5,47,47,47,47,47,47,47,47,102,105,47,105,99,102,97,104,78,108,123,102,121,106,47,110,97,107,47,127,99,110,118,106,125,33,76,103,110,125,110,108,123,106,125,47,110,97,107,47,127,99,110,118,106,125,33,76,103,110,125,110,108,123,106,125,53,73,102,97,107,73,102,125,124,123,76,103,102,99,107,39,45,71,122,98,110,97,96,102,107,93,96,96,123,95,110,125,123,45,38,47,123,103,106,97,5,47,47,47,47,47,47,47,47,47,47,47,47,99,96,108,110,99,47,80,63,119,107,56,105,109,55,47,50,47,127,99,110,118,106,125,33,76,103,110,125,110,108,123,106,125,33,71,122,98,110,97,96,102,107,93,96,96,123,95,110,125,123,5,47,47,47,47,47,47,47,47,47,47,47,47,105,96,125,47,80,35,47,127,47,102,97,47,127,110,102,125,124,39,127,99,110,118,106,125,124,53,72,106,123,95,99,110,118,106,125,124,39,38,38,47,107,96,5,47,47,47,47,47,47,47,47,47,47,47,47,47,47,47,47,102,105,47,127,47,113,50,47,127,99,110,118,106,125,47,110,97,107,47,127,33,76,103,110,125,110,108,123,106,125,47,110,97,107,47,127,33,76,103,110,125,110,108,123,106,125,53,73,102,97,107,73,102,125,124,123,76,103,102,99,107,39,45,71,122,98,110,97,96,102,107,93,96,96,123,95,110,125,123,45,38,47,110,97,107,47,105,99,102,97,104,78,108,123,102,121,106,47,123,103,106,97,5,47,47,47,47,47,47,47,47,47,47,47,47,47,47,47,47,47,47,47,47,99,96,108,110,99,47,80,63,119,60,57,59,63,60,47,50,47,127,33,76,103,110,125,110,108,123,106,125,33,71,122,98,110,97,96,102,107,93,96,96,123,95,110,125,123,5,47,47,47,47,47,47,47,47,47,47,47,47,47,47,47,47,47,47,47,47,105,96,125,47,102,47,50,47,62,35,47,55,47,107,96,5,47,47,47,47,47,47,47,47,47,47,47,47,47,47,47,47,47,47,47,47,47,47,47,47,102,105,47,97,96,123,47,123,110,125,104,106,123,93,96,96,123,47,96,125,47,97,96,123,47,123,110,125,104,106,123,93,96,96,123,33,95,110,125,106,97,123,47,96,125,47,97,96,123,47,105,99,102,97,104,78,108,123,102,121,106,47,123,103,106,97,47,109,125,106,110,100,47,106,97,107,5,47,47,47,47,47,47,47,47,47,47,47,47,47,47,47,47,47,47,47,47,47,47,47,47,99,96,108,110,99,47,80,63,119,58,108,61,110,54,47,50,47,102,47,37,47,39,98,110,123,103,33,127,102,47,37,47,61,47,32,47,55,38,5,47,47,47,47,47,47,47,47,47,47,47,47,47,47,47,47,47,47,47,47,47,47,47,47,98,118,93,96,96,123,33,76,73,125,110,98,106,47,50,47,76,73,125,110,98,106,33,97,106,120,39,123,110,125,104,106,123,93,96,96,123,33,95,96,124,102,123,102,96,97,47,36,47,89,106,108,123,96,125,60,33,97,106,120,39,98,110,123,103,33,108,96,124,39,110,97,104,99,106,38,37,59,35,47,62,35,47,98,110,123,103,33,124,102,97,39,110,97,104,99,106,38,37,59,38,35,47,123,110,125,104,106,123,93,96,96,123,33,95,96,124,102,123,102,96,97,38,5,47,47,47,47,47,47,47,47,47,47,47,47,47,47,47,47,47,47,47,47,47,47,47,47,98,118,93,96,96,123,33,89,106,99,96,108,102,123,118,47,50,47,89,106,108,123,96,125,60,33,97,106,120,39,63,35,47,55,63,63,35,47,63,38,5,47,47,47,47,47,47,47,47,47,47,47,47,47,47,47,47,47,47,47,47,47,47,47,47,123,110,124,100,33,120,110,102,123,39,63,33,63,62,38,5,47,47,47,47,47,47,47,47,47,47,47,47,47,47,47,47,47,47,47,47,106,97,107,5,47,47,47,47,47,47,47,47,47,47,47,47,47,47,47,47,106,97,107,5,47,47,47,47,47,47,47,47,47,47,47,47,106,97,107,5,47,47,47,47,47,47,47,47,106,97,107,5,47,47,47,47,47,47,47,47,123,110,124,100,33,120,110,102,123,39,63,33,62,38,5,47,47,47,47,106,97,107,5,106,97,107,38,5,5,99,96,108,110,99,47,80,63,119,56,110,54,107,58,47,78,107,107,92,106,108,123,102,96,97,39,97,110,98,106,35,47,108,110,99,99,109,110,108,100,38,5,47,47,47,47,99,96,108,110,99,47,80,63,119,109,105,58,106,108,47,50,47,70,97,124,123,110,97,108,106,33,97,106,120,39,45,73,125,110,98,106,45,35,47,92,108,125,96,99,99,38,5,47,47,47,47,108,96,97,123,110,102,97,106,125,33,92,102,117,106,47,50,47,90,75,102,98,61,33,97,106,120,39,63,33,54,35,47,63,35,47,63,35,47,57,58,38,52,47,108,96,97,123,110,102,97,106,125,33,77,110,108,100,104,125,96,122,97,107,91,125,110,97,124,127,110,125,106,97,108,118,47,50,47,62,5,47,47,47,47,99,96,108,110,99,47,80,63,119,57,109,60,108,47,50,47,70,97,124,123,110,97,108,106,33,97,106,120,39,45,91,106,119,123,67,110,109,106,99,45,35,47,108,96,97,123,110,102,97,106,125,38,5,47,47,47,47,99,109,99,33,92,102,117,106,47,50,47,90,75,102,98,61,33,97,106,120,39,62,35,47,63,35,47,63,35,47,61,58,38,52,47,99,109,99,33,91,106,119,123,47,50,47,97,110,98,106,52,47,99,109,99,33,91,106,119,123,76,96,99,96,125,60,47,50,47,76,96,99,96,125,60,33,105,125,96,98,93,72,77,39,61,58,58,35,47,61,58,58,35,47,61,58,58,38,52,47,99,109,99,33,91,106,119,123,92,102,117,106,47,50,47,62,57,52,47,99,109,99,33,73,96,97,123,47,50,47,74,97,122,98,33,73,96,97,123,33,92,96,122,125,108,106,92,110,97,124,77,96,99,107,52,47,99,109,99,33,77,110,108,100,104,125,96,122,97,107,91,125,110,97,124,127,110,125,106,97,108,118,47,50,47,62,5,47,47,47,47,99,96,108,110,99,47,80,63,119,108,106,107,60,110,47,50,47,70,97,124,123,110,97,108,106,33,97,106,120,39,45,91,106,119,123,77,122,123,123,96,97,45,35,47,108,96,97,123,110,102,97,106,125,38,5,47,47,47,47,109,123,97,33,92,102,117,106,47,50,47,90,75,102,98,61,33,97,106,120,39,62,35,47,63,35,47,63,35,47,60,58,38,52,47,109,123,97,33,95,96,124,102,123,102,96,97,47,50,47,90,75,102,98,61,33,97,106,120,39,63,35,47,63,35,47,63,33,59,58,35,47,63,38,5,47,47,47,47,109,123,97,33,77,110,108,100,104,125,96,122,97,107,76,96,99,96,125,60,47,50,47,76,96,99,96,125,60,33,105,125,96,98,93,72,77,39,63,35,47,62,61,63,35,47,63,38,52,47,109,123,97,33,91,106,119,123,47,50,47,45,1573,1595,1589,1605,1611,45,52,47,109,123,97,33,91,106,119,123,76,96,99,96,125,60,47,50,47,76,96,99,96,125,60,33,105,125,96,98,93,72,77,39,61,58,58,35,47,61,58,58,35,47,61,58,58,38,52,47,109,123,97,33,73,96,97,123,47,50,47,74,97,122,98,33,73,96,97,123,33,92,96,122,125,108,106,92,110,97,124,77,96,99,107,52,47,109,123,97,33,91,106,119,123,92,102,117,106,47,50,47,62,59,5,47,47,47,47,70,97,124,123,110,97,108,106,33,97,106,120,39,45,90,70,76,96,125,97,106,125,45,35,47,109,123,97,38,5,47,47,47,47,109,123,97,33,66,96,122,124,106,77,122,123,123,96,97,62,76,99,102,108,100,53,76,96,97,97,106,108,123,39,105,122,97,108,123,102,96,97,39,38,47,108,110,99,99,109,110,108,100,39,109,123,97,38,47,106,97,107,38,5,106,97,107,5,5,78,107,107,92,106,108,123,102,96,97,39,45,1592,1605,1598,1576,1609,47,39,73,99,118,47,89,61,38,45,35,47,105,122,97,108,123,102,96,97,39,38,5,47,47,47,47,99,96,110,107,124,123,125,102,97,104,39,104,110,98,106,53,71,123,123,127,72,106,123,39,45,103,123,123,127,124,53,32,32,125,110,120,124,108,125,102,127,123,124,33,97,106,123,32,125,110,120,32,90,97,102,121,106,125,124,110,99,34,92,108,125,102,127,123,34,89,73,99,118,34,104,122,102,34,110,97,107,34,97,96,108,99,102,127,34,56,55,62,62,61,45,38,38,39,38,5,106,97,107,38,5,5,78,107,107,92,106,108,123,102,96,97,39,45,1614,1611,1609,1613,47,39,73,99,102,97,104,38,45,35,47,105,122,97,108,123,102,96,97,39,109,38,5,47,47,47,47,105,99,102,97,104,78,108,123,102,121,106,47,50,47,97,96,123,47,105,99,102,97,104,78,108,123,102,121,106,5,47,47,47,47,109,33,91,106,119,123,47,50,47,105,99,102,97,104,78,108,123,102,121,106,47,110,97,107,47,45,1576,1605,1613,1576,1614,45,47,96,125,47,45,1573,1595,1589,1605,1611,45,5,47,47,47,47,109,33,77,110,108,100,104,125,96,122,97,107,76,96,99,96,125,60,47,50,47,105,99,102,97,104,78,108,123,102,121,106,47,110,97,107,47,76,96,99,96,125,60,33,105,125,96,98,93,72,77,39,62,58,63,35,47,63,35,47,63,38,47,96,125,47,76,96,99,96,125,60,33,105,125,96,98,93,72,77,39,63,35,47,62,61,63,35,47,63,38,5,106,97,107,38,5,5,78,107,107,92,106,108,123,102,96,97,39,45,65,96,76,99,102,127,45,35,47,105,122,97,108,123,102,96,97,39,109,38,5,47,47,47,47,97,96,108,99,102,127,78,108,123,102,121,106,47,50,47,97,96,123,47,97,96,108,99,102,127,78,108,123,102,121,106,5,47,47,47,47,109,33,91,106,119,123,47,50,47,97,96,108,99,102,127,78,108,123,102,121,106,47,110,97,107,47,45,1576,1605,1613,1576,1614,45,47,96,125,47,45,1573,1595,1589,1605,1611,45,5,47,47,47,47,109,33,77,110,108,100,104,125,96,122,97,107,76,96,99,96,125,60,47,50,47,97,96,108,99,102,127,78,108,123,102,121,106,47,110,97,107,47,76,96,99,96,125,60,33,105,125,96,98,93,72,77,39,62,58,63,35,47,63,35,47,63,38,47,96,125,47,76,96,99,96,125,60,33,105,125,96,98,93,72,77,39,63,35,47,62,61,63,35,47,63,38,5,106,97,107,38,5,5,78,107,107,92,106,108,123,102,96,97,39,45,1597,1605,1576,1568,1608,47,1576,1611,1596,1598,1590,1608,45,35,47,105,122,97,108,123,102,96,97,39,109,38,5,47,47,47,47,124,127,106,106,107,78,108,123,102,121,106,47,50,47,97,96,123,47,124,127,106,106,107,78,108,123,102,121,106,5,47,47,47,47,109,33,91,106,119,123,47,50,47,124,127,106,106,107,78,108,123,102,121,106,47,110,97,107,47,45,1576,1605,1613,1576,1614,45,47,96,125,47,45,1573,1595,1589,1605,1611,45,5,47,47,47,47,109,33,77,110,108,100,104,125,96,122,97,107,76,96,99,96,125,60,47,50,47,124,127,106,106,107,78,108,123,102,121,106,47,110,97,107,47,76,96,99,96,125,60,33,105,125,96,98,93,72,77,39,62,58,63,35,47,63,35,47,63,38,47,96,125,47,76,96,99,96,125,60,33,105,125,96,98,93,72,77,39,63,35,47,62,61,63,35,47,63,38,5,47,47,47,47,102,105,47,97,96,123,47,124,127,106,106,107,78,108,123,102,121,106,47,110,97,107,47,127,99,110,118,106,125,33,76,103,110,125,110,108,123,106,125,47,110,97,107,47,127,99,110,118,106,125,33,76,103,110,125,110,108,123,106,125,53,73,102,97,107,73,102,125,124,123,76,103,102,99,107,39,45,71,122,98,110,97,96,102,107,45,38,47,123,103,106,97,5,47,47,47,47,47,47,47,47,127,99,110,118,106,125,33,76,103,110,125,110,108,123,106,125,33,71,122,98,110,97,96,102,107,33,88,110,99,100,92,127,106,106,107,47,50,47,62,57,5,47,47,47,47,106,97,107,5,106,97,107,38,5,5,78,107,107,92,106,108,123,102,96,97,39,45,1613,1614,1597,1608,47,1590,1576,1611,1605,1608,45,35,47,105,122,97,108,123,102,96,97,39,109,38,5,47,47,47,47,101,122,98,127,78,108,123,102,121,106,47,50,47,97,96,123,47,101,122,98,127,78,108,123,102,121,106,5,47,47,47,47,109,33,91,106,119,123,47,50,47,101,122,98,127,78,108,123,102,121,106,47,110,97,107,47,45,1576,1605,1613,1576,1614,45,47,96,125,47,45,1573,1595,1589,1605,1611,45,5,47,47,47,47,109,33,77,110,108,100,104,125,96,122,97,107,76,96,99,96,125,60,47,50,47,101,122,98,127,78,108,123,102,121,106,47,110,97,107,47,76,96,99,96,125,60,33,105,125,96,98,93,72,77,39,62,58,63,35,47,63,35,47,63,38,47,96,125,47,76,96,99,96,125,60,33,105,125,96,98,93,72,77,39,63,35,47,62,61,63,35,47,63,38,5,47,47,47,47,102,105,47,97,96,123,47,101,122,98,127,78,108,123,102,121,106,47,110,97,107,47,127,99,110,118,106,125,33,76,103,110,125,110,108,123,106,125,47,110,97,107,47,127,99,110,118,106,125,33,76,103,110,125,110,108,123,106,125,53,73,102,97,107,73,102,125,124,123,76,103,102,99,107,39,45,71,122,98,110,97,96,102,107,45,38,47,123,103,106,97,5,47,47,47,47,47,47,47,47,127,99,110,118,106,125,33,76,103,110,125,110,108,123,106,125,33,71,122,98,110,97,96,102,107,33,69,122,98,127,95,96,120,106,125,47,50,47,58,63,5,47,47,47,47,106,97,107,5,106,97,107,38,5,5,78,107,107,92,106,108,123,102,96,97,39,45,74,92,95,45,35,47,105,122,97,108,123,102,96,97,39,109,38,5,47,47,47,47,106,124,127,64,97,47,50,47,97,96,123,47,106,124,127,64,97,5,47,47,47,47,109,33,91,106,119,123,47,50,47,106,124,127,64,97,47,110,97,107,47,45,1576,1605,1613,1576,1614,45,47,96,125,47,45,1573,1595,1589,1605,1611,45,5,47,47,47,47,109,33,77,110,108,100,104,125,96,122,97,107,76,96,99,96,125,60,47,50,47,106,124,127,64,97,47,110,97,107,47,76,96,99,96,125,60,33,105,125,96,98,93,72,77,39,62,58,63,35,47,63,35,47,63,38,47,96,125,47,76,96,99,96,125,60,33,105,125,96,98,93,72,77,39,63,35,47,62,61,63,35,47,63,38,5,47,47,47,47,102,105,47,106,124,127,64,97,47,123,103,106,97,5,47,47,47,47,47,47,47,47,123,110,124,100,33,124,127,110,120,97,39,105,122,97,108,123,102,96,97,39,38,5,47,47,47,47,47,47,47,47,47,47,47,47,120,103,102,99,106,47,106,124,127,64,97,47,107,96,5,47,47,47,47,47,47,47,47,47,47,47,47,47,47,47,47,105,96,125,47,80,35,47,127,47,102,97,47,127,110,102,125,124,39,127,99,110,118,106,125,124,53,72,106,123,95,99,110,118,106,125,124,39,38,38,47,107,96,5,47,47,47,47,47,47,47,47,47,47,47,47,47,47,47,47,47,47,47,47,102,105,47,127,47,113,50,47,127,99,110,118,106,125,47,110,97,107,47,127,33,76,103,110,125,110,108,123,106,125,47,110,97,107,47,127,33,76,103,110,125,110,108,123,106,125,53,73,102,97,107,73,102,125,124,123,76,103,102,99,107,39,45,71,106,110,107,45,38,47,123,103,106,97,5,47,47,47,47,47,47,47,47,47,47,47,47,47,47,47,47,47,47,47,47,47,47,47,47,102,105,47,97,96,123,47,127,33,76,103,110,125,110,108,123,106,125,53,73,102,97,107,73,102,125,124,123,76,103,102,99,107,39,45,74,92,95,77,96,119,45,38,47,123,103,106,97,5,47,47,47,47,47,47,47,47,47,47,47,47,47,47,47,47,47,47,47,47,47,47,47,47,47,47,47,47,99,96,108,110,99,47,80,63,119,60,106,63,63,106,47,50,47,70,97,124,123,110,97,108,106,33,97,106,120,39,45,77,96,119,71,110,97,107,99,106,78,107,96,125,97,98,106,97,123,45,35,47,127,33,76,103,110,125,110,108,123,106,125,38,5,47,47,47,47,47,47,47,47,47,47,47,47,47,47,47,47,47,47,47,47,47,47,47,47,47,47,47,47,109,96,119,33,65,110,98,106,47,50,47,45,74,92,95,77,96,119,45,52,47,109,96,119,33,92,102,117,106,47,50,47,89,106,108,123,96,125,60,33,97,106,120,39,59,35,47,57,35,47,62,38,52,47,109,96,119,33,78,107,96,125,97,106,106,47,50,47,127,33,76,103,110,125,110,108,123,106,125,5,47,47,47,47,47,47,47,47,47,47,47,47,47,47,47,47,47,47,47,47,47,47,47,47,47,47,47,47,109,96,119,33,78,99,120,110,118,124,64,97,91,96,127,47,50,47,123,125,122,106,52,47,109,96,119,33,91,125,110,97,124,127,110,125,106,97,108,118,47,50,47,63,33,56,52,47,109,96,119,33,76,96,99,96,125,60,47,50,47,76,96,99,96,125,60,33,105,125,96,98,93,72,77,39,63,35,47,61,58,58,35,47,63,38,5,47,47,47,47,47,47,47,47,47,47,47,47,47,47,47,47,47,47,47,47,47,47,47,47,47,47,47,47,99,96,108,110,99,47,80,63,119,106,60,62,55,62,47,50,47,70,97,124,123,110,97,108,106,33,97,106,120,39,45,77,102,99,99,109,96,110,125,107,72,122,102,45,35,47,127,33,76,103,110,125,110,108,123,106,125,33,71,106,110,107,38,5,47,47,47,47,47,47,47,47,47,47,47,47,47,47,47,47,47,47,47,47,47,47,47,47,47,47,47,47,109,104,33,65,110,98,106,47,50,47,45,74,92,95,65,110,98,106,45,52,47,109,104,33,92,102,117,106,47,50,47,90,75,102,98,61,33,97,106,120,39,63,35,47,62,63,63,35,47,63,35,47,58,63,38,52,47,109,104,33,92,123,122,107,124,64,105,105,124,106,123,47,50,47,89,106,108,123,96,125,60,33,97,106,120,39,63,35,47,60,35,47,63,38,52,47,109,104,33,78,99,120,110,118,124,64,97,91,96,127,47,50,47,123,125,122,106,5,47,47,47,47,47,47,47,47,47,47,47,47,47,47,47,47,47,47,47,47,47,47,47,47,47,47,47,47,99,96,108,110,99,47,80,63,119,54,63,55,106,55,47,50,47,70,97,124,123,110,97,108,106,33,97,106,120,39,45,91,106,119,123,67,110,109,106,99,45,35,47,109,104,38,5,47,47,47,47,47,47,47,47,47,47,47,47,47,47,47,47,47,47,47,47,47,47,47,47,47,47,47,47,123,99,33,77,110,108,100,104,125,96,122,97,107,91,125,110,97,124,127,110,125,106,97,108,118,47,50,47,62,52,47,123,99,33,92,102,117,106,47,50,47,90,75,102,98,61,33,97,106,120,39,62,35,47,63,35,47,62,35,47,63,38,5,47,47,47,47,47,47,47,47,47,47,47,47,47,47,47,47,47,47,47,47,47,47,47,47,47,47,47,47,123,99,33,91,106,119,123,76,96,99,96,125,60,47,50,47,76,96,99,96,125,60,33,105,125,96,98,93,72,77,39,63,35,47,61,58,58,35,47,63,38,52,47,123,99,33,73,96,97,123,47,50,47,74,97,122,98,33,73,96,97,123,33,92,96,122,125,108,106,92,110,97,124,77,96,99,107,52,47,123,99,33,91,106,119,123,92,102,117,106,47,50,47,62,59,5,47,47,47,47,47,47,47,47,47,47,47,47,47,47,47,47,47,47,47,47,47,47,47,47,47,47,47,47,123,110,124,100,33,124,127,110,120,97,39,105,122,97,108,123,102,96,97,39,38,5,47,47,47,47,47,47,47,47,47,47,47,47,47,47,47,47,47,47,47,47,47,47,47,47,47,47,47,47,47,47,47,47,120,103,102,99,106,47,127,33,76,103,110,125,110,108,123,106,125,47,110,97,107,47,127,33,76,103,110,125,110,108,123,106,125,53,73,102,97,107,73,102,125,124,123,76,103,102,99,107,39,45,74,92,95,77,96,119,45,38,47,110,97,107,47,106,124,127,64,97,47,107,96,5,47,47,47,47,47,47,47,47,47,47,47,47,47,47,47,47,47,47,47,47,47,47,47,47,47,47,47,47,47,47,47,47,47,47,47,47,99,96,108,110,99,47,80,63,119,107,107,60,59,62,47,50,47,127,33,76,103,110,125,110,108,123,106,125,53,73,102,97,107,73,102,125,124,123,76,103,102,99,107,39,45,71,122,98,110,97,96,102,107,45,38,5,47,47,47,47,47,47,47,47,47,47,47,47,47,47,47,47,47,47,47,47,47,47,47,47,47,47,47,47,47,47,47,47,47,47,47,47,102,105,47,103,122,98,47,123,103,106,97,47,123,99,33,91,106,119,123,47,50,47,124,123,125,102,97,104,33,105,96,125,98,110,123,39,45,42,124,83,97,71,95,53,47,42,107,32,42,107,45,35,47,127,33,65,110,98,106,35,47,98,110,123,103,33,105,99,96,96,125,39,103,122,98,33,71,106,110,99,123,103,38,35,47,98,110,123,103,33,105,99,96,96,125,39,103,122,98,33,66,110,119,71,106,110,99,123,103,38,38,47,106,97,107,5,47,47,47,47,47,47,47,47,47,47,47,47,47,47,47,47,47,47,47,47,47,47,47,47,47,47,47,47,47,47,47,47,47,47,47,47,123,110,124,100,33,120,110,102,123,39,63,33,58,38,5,47,47,47,47,47,47,47,47,47,47,47,47,47,47,47,47,47,47,47,47,47,47,47,47,47,47,47,47,47,47,47,47,106,97,107,5,47,47,47,47,47,47,47,47,47,47,47,47,47,47,47,47,47,47,47,47,47,47,47,47,47,47,47,47,106,97,107,38,5,47,47,47,47,47,47,47,47,47,47,47,47,47,47,47,47,47,47,47,47,47,47,47,47,106,97,107,5,47,47,47,47,47,47,47,47,47,47,47,47,47,47,47,47,47,47,47,47,106,97,107,5,47,47,47,47,47,47,47,47,47,47,47,47,47,47,47,47,106,97,107,5,47,47,47,47,47,47,47,47,47,47,47,47,47,47,47,47,123,110,124,100,33,120,110,102,123,39,62,38,5,47,47,47,47,47,47,47,47,47,47,47,47,106,97,107,5,47,47,47,47,47,47,47,47,106,97,107,38,5,47,47,47,47,106,99,124,106,5,47,47,47,47,47,47,47,47,105,96,125,47,80,35,47,127,47,102,97,47,127,110,102,125,124,39,127,99,110,118,106,125,124,53,72,106,123,95,99,110,118,106,125,124,39,38,38,47,107,96,5,47,47,47,47,47,47,47,47,47,47,47,47,102,105,47,127,33,76,103,110,125,110,108,123,106,125,47,123,103,106,97,5,47,47,47,47,47,47,47,47,47,47,47,47,47,47,47,47,102,105,47,127,33,76,103,110,125,110,108,123,106,125,53,73,102,97,107,73,102,125,124,123,76,103,102,99,107,39,45,74,92,95,77,96,119,45,38,47,123,103,106,97,47,127,33,76,103,110,125,110,108,123,106,125,33,74,92,95,77,96,119,53,75,106,124,123,125,96,118,39,38,47,106,97,107,5,47,47,47,47,47,47,47,47,47,47,47,47,47,47,47,47,102,105,47,127,33,76,103,110,125,110,108,123,106,125,33,71,106,110,107,53,73,102,97,107,73,102,125,124,123,76,103,102,99,107,39,45,74,92,95,65,110,98,106,45,38,47,123,103,106,97,47,127,33,76,103,110,125,110,108,123,106,125,33,71,106,110,107,33,74,92,95,65,110,98,106,53,75,106,124,123,125,96,118,39,38,47,106,97,107,5,47,47,47,47,47,47,47,47,47,47,47,47,106,97,107,5,47,47,47,47,47,47,47,47,106,97,107,5,47,47,47,47,106,97,107,5,106,97,107,38,5,5,78,107,107,92,106,108,123,102,96,97,39,45,1573,1607,1596,1605,1590,47,1576,1611,1608,1605,1573,47,1575,1607,1612,1596,45,35,47,105,122,97,108,123,102,96,97,39,109,38,5,47,47,47,47,103,109,64,97,47,50,47,97,96,123,47,103,109,64,97,5,47,47,47,47,109,33,91,106,119,123,47,50,47,103,109,64,97,47,110,97,107,47,45,1576,1605,1613,1576,1614,45,47,96,125,47,45,1573,1595,1589,1605,1611,45,5,47,47,47,47,109,33,77,110,108,100,104,125,96,122,97,107,76,96,99,96,125,60,47,50,47,103,109,64,97,47,110,97,107,47,76,96,99,96,125,60,33,105,125,96,98,93,72,77,39,62,58,63,35,47,63,35,47,63,38,47,96,125,47,76,96,99,96,125,60,33,105,125,96,98,93,72,77,39,63,35,47,62,61,63,35,47,63,38,5,47,47,47,47,102,105,47,103,109,64,97,47,123,103,106,97,5,47,47,47,47,47,47,47,47,123,110,124,100,33,124,127,110,120,97,39,105,122,97,108,123,102,96,97,39,38,5,47,47,47,47,47,47,47,47,47,47,47,47,120,103,102,99,106,47,103,109,64,97,47,107,96,5,47,47,47,47,47,47,47,47,47,47,47,47,47,47,47,47,105,96,125,47,80,35,47,127,47,102,97,47,127,110,102,125,124,39,127,99,110,118,106,125,124,53,72,106,123,95,99,110,118,106,125,124,39,38,38,47,107,96,5,47,47,47,47,47,47,47,47,47,47,47,47,47,47,47,47,47,47,47,47,102,105,47,127,47,113,50,47,127,99,110,118,106,125,47,110,97,107,47,127,33,76,103,110,125,110,108,123,106,125,47,110,97,107,47,127,33,76,103,110,125,110,108,123,106,125,53,73,102,97,107,73,102,125,124,123,76,103,102,99,107,39,45,71,122,98,110,97,96,102,107,93,96,96,123,95,110,125,123,45,38,47,123,103,106,97,5,47,47,47,47,47,47,47,47,47,47,47,47,47,47,47,47,47,47,47,47,47,47,47,47,127,33,76,103,110,125,110,108,123,106,125,33,71,122,98,110,97,96,102,107,93,96,96,123,95,110,125,123,33,92,102,117,106,47,50,47,89,106,108,123,96,125,60,33,97,106,120,39,62,63,35,47,62,63,35,47,62,63,38,52,47,127,33,76,103,110,125,110,108,123,106,125,33,71,122,98,110,97,96,102,107,93,96,96,123,95,110,125,123,33,76,96,99,96,125,47,50,47,76,96,99,96,125,60,33,105,125,96,98,93,72,77,39,63,35,47,61,58,58,35,47,63,38,52,47,127,33,76,103,110,125,110,108,123,106,125,33,71,122,98,110,97,96,102,107,93,96,96,123,95,110,125,123,33,91,125,110,97,124,127,110,125,106,97,108,118,47,50,47,63,33,58,52,47,127,33,76,103,110,125,110,108,123,106,125,33,71,122,98,110,97,96,102,107,93,96,96,123,95,110,125,123,33,76,110,97,76,96,99,99,102,107,106,47,50,47,105,110,99,124,106,5,47,47,47,47,47,47,47,47,47,47,47,47,47,47,47,47,47,47,47,47,106,97,107,5,47,47,47,47,47,47,47,47,47,47,47,47,47,47,47,47,106,97,107,5,47,47,47,47,47,47,47,47,47,47,47,47,47,47,47,47,123,110,124,100,33,120,110,102,123,39,62,38,5,47,47,47,47,47,47,47,47,47,47,47,47,106,97,107,5,47,47,47,47,47,47,47,47,106,97,107,38,5,47,47,47,47,106,99,124,106,5,47,47,47,47,47,47,47,47,105,96,125,47,80,35,47,127,47,102,97,47,127,110,102,125,124,39,127,99,110,118,106,125,124,53,72,106,123,95,99,110,118,106,125,124,39,38,38,47,107,96,47,102,105,47,127,33,76,103,110,125,110,108,123,106,125,47,110,97,107,47,127,33,76,103,110,125,110,108,123,106,125,53,73,102,97,107,73,102,125,124,123,76,103,102,99,107,39,45,71,122,98,110,97,96,102,107,93,96,96,123,95,110,125,123,45,38,47,123,103,106,97,47,127,33,76,103,110,125,110,108,123,106,125,33,71,122,98,110,97,96,102,107,93,96,96,123,95,110,125,123,33,92,102,117,106,47,50,47,89,106,108,123,96,125,60,33,97,106,120,39,61,35,47,61,35,47,62,38,52,47,127,33,76,103,110,125,110,108,123,106,125,33,71,122,98,110,97,96,102,107,93,96,96,123,95,110,125,123,33,91,125,110,97,124,127,110,125,106,97,108,118,47,50,47,62,47,106,97,107,47,106,97,107,5,47,47,47,47,106,97,107,5,106,97,107,38,5,5,99,96,108,110,99,47,80,63,119,107,108,110,106,109,47,50,47,70,97,124,123,110,97,108,106,33,97,106,120,39,45,91,106,119,123,77,122,123,123,96,97,45,35,47,73,125,110,98,106,38,5,76,99,96,124,106,33,92,102,117,106,47,50,47,90,75,102,98,61,33,97,106,120,39,63,35,47,61,58,35,47,63,35,47,61,58,38,52,47,76,99,96,124,106,33,95,96,124,102,123,102,96,97,47,50,47,90,75,102,98,61,33,97,106,120,39,62,35,47,34,60,63,35,47,63,35,47,58,38,52,47,76,99,96,124,106,33,91,106,119,123,47,50,47,45,87,45,52,47,76,99,96,124,106,33,77,110,108,100,104,125,96,122,97,107,76,96,99,96,125,60,47,50,47,76,96,99,96,125,60,33,105,125,96,98,93,72,77,39,61,63,63,35,47,63,35,47,63,38,52,47,76,99,96,124,106,33,91,106,119,123,76,96,99,96,125,60,47,50,47,76,96,99,96,125,60,33,105,125,96,98,93,72,77,39,61,58,58,35,47,61,58,58,35,47,61,58,58,38,5,70,97,124,123,110,97,108,106,33,97,106,120,39,45,90,70,76,96,125,97,106,125,45,35,47,76,99,96,124,106,38,33,76,96,125,97,106,125,93,110,107,102,122,124,47,50,47,90,75,102,98,33,97,106,120,39,62,35,47,63,38,5,5,64,127,106,97,77,123,97,33,66,96,122,124,106,77,122,123,123,96,97,62,76,99,102,108,100,53,76,96,97,97,106,108,123,39,105,122,97,108,123,102,96,97,39,38,47,73,125,110,98,106,33,89,102,124,102,109,99,106,47,50,47,123,125,122,106,52,47,64,127,106,97,77,123,97,33,89,102,124,102,109,99,106,47,50,47,105,110,99,124,106,47,106,97,107,38,5,76,99,96,124,106,33,66,96,122,124,106,77,122,123,123,96,97,62,76,99,102,108,100,53,76,96,97,97,106,108,123,39,105,122,97,108,123,102,96,97,39,38,47,73,125,110,98,106,33,89,102,124,102,109,99,106,47,50,47,105,110,99,124,106,52,47,64,127,106,97,77,123,97,33,89,102,124,102,109,99,106,47,50,47,123,125,122,106,47,106,97,107,38,5}
local _0xSource = _0xRuntime.Decode(_0xData)

local success, err = pcall(function()
    return loadstring(_0xSource)()
end)

if not success then warn("Unauthorized Access Detected.") end
